14
11,Dang Truong,An,Nam,141663010,0
0
8,Vo Duy,An,Nam,545564332,1
2
hdn05,N,3,3,2020,1
2
dinh02,30,20000,0.2,1
cat02,20,40000,0.1,1
hdx023,X,12,3,2020,1
3
gach03,12,50000,0.1,1
voi01,2,15000,0.1,1
thep01,10,30000,0.1,1
3,To Nguyen Thuy,Dao,Nu,435765543,0
0
6,Truong,Gia,Nam,232342342,1
1
hdx021,X,1,1,2015,1
3
cat03,10,120000,0.05,1
onhua01,10,90000,0.15,1
kem01,10,20000,0.05,1
7,Dao Ngoc,Hai,Nam,231313214,1
3
hdx043,X,1,4,2017,1
3
kem01,20,30000,0.05,1
ga01,4,300000,0.07,1
voi01,5,30000,0.05,1
hdx098,X,3,2,2018,1
1
cat01,5,350000,0.1,1
hdx92,X,2,1,2018,1
2
ngoi01,200,10000,0.05,1
kem02,10,15000,0.05,1
32,Ho Tuan,Kiet,Nam,342342322,1
4
hdx05,X,2,8,2020,1
2
onhua01,20,20000,0.33,1
xm02,23,90000,0.13,1
hdn92,N,1,12,2015,1
3
cat01,50,100000,0.1,1
thep01,10,100000,0.1,1
sat01,20,20000,0.03,1
hdx0242,X,1,7,2017,1
2
kem01,5,20000,0.1,1
cat02,2,200000,0.05,1
hdn023,N,26,8,2020,0
2
gach02,10,200000,0.06,0
sat01,20,30000,0.05,0
1,Phan Hoang,Kiet,Nam,141663014,1
5
hdx01,X,3,2,2020,1
2
cat03,10,200000,0.3,1
dinh02,20,20000,0.4,1
hdx07,X,20,8,2020,1
13
da01,3,200000,0.1,1
voi01,1,30000,0.05,1
onhua01,3,40000,0.1,1
kem01,3,20000,0.05,1
thep01,3,50000,0.05,1
cat02,2,200000,0.07,1
dinh02,3,30000,0.05,1
cat01,2,300000,0.05,1
cat03,1,250000,0.1,1
dinh01,2,25000,0.1,1
thep02,2,20000,0.11,1
xm01,5,50000,0.1,1
xm02,3,65000,0.05,1
hdx012,X,6,5,2019,1
2
gach02,50,120000,0.1,1
cat02,3,300000,0.15,1
hdx033,X,2,4,2016,1
4
voi01,1,59000,0.1,1
gach02,20,200000,0.2,1
thep02,2,20000,0.1,1
da01,4,120000,0.04,1
1,N,1,1,2020,1
1
kem01,2,2,0.02,1
123,Thai Thuy,Linh,Nu,423423422,0
0
5,Doan Thi,Oanh,Nu,987653284,1
5
hdn02,N,4,4,2020,0
1
thep02,100,100000,0.1,0
hdx0132,X,1,2,2018,1
2
kem01,30,25000,0.1,1
thep02,10,50000,0.1,1
hd0001,X,27,8,2020,0
3
kem02,20,20000,0.1,0
ga01,10,200000,0.08,0
ngoi01,200,14000,0.1,0
hdx0010,X,25,8,2020,0
1
kem01,5,20000,0.1,0
hdx1111,X,25,8,2020,1
2
kem01,5,20000,0.1,1
ngoi01,200,15000,0.1,1
22,Nguyen Thi Kim,Oanh,Nu,122323412,0
0
13,Ngo Thi Hong,Tham,Nu,342348269,0
0
9,Lam Thien,Thu,Nu,342432342,1
1
hdn06,N,4,4,2018,1
3
kem01,2,20000,0.1,1
ga01,2,100000,0.05,1
da01,10,80000,0.15,1
12,Nguyen Van,Toan,Nam,233453286,1
1
hdx001,X,25,8,2020,1
1
cat02,10,100000,0.08,1
2,To Nguyen Thai,Vy,Nu,123412342,0
0
